Id,SalePrice
2658,109608149.32774605
2718,147557556.00632843
2414,81009672.74630429
1989,71835424.90419777
625,104260924.64570506
333,61184455.792841285
1327,73262112.44821121
858,95049444.5045072
95,94816706.12571771
1568,92752688.10266186
2482,91440433.95676902
1364,77248718.81266536
2584,102441072.5902469
818,148650946.29546374
2673,99619217.29308492
2089,49917050.42297715
1297,86379866.15738805
790,80036390.70423096
2616,115530951.37341967
720,98368163.00179827
222,79320943.04181091
557,64443526.61385301
1148,120999774.28927572
2766,72026020.02614722
534,91740162.36481787
1452,64622748.71227157
630,91161184.60754073
2648,88143292.67806864
125,74296649.14551443
1904,38361778.36132268
1670,64153531.22959018
756,73669425.30761796
717,144257742.53022644
1032,88179276.38224725
852,112216029.57213181
1731,77826541.17267857
2639,104360776.91814551
2071,36824606.32423551
1267,37620218.46668361
1851,101445225.51835708
567,69220875.53091896
2439,105906091.52863725
1898,89370279.07374059
647,88526406.63232283
2256,112713642.63893996
979,70710103.82896525
1444,101792046.82809299
2485,66967975.96729103
157,69822698.07890548
88,77661923.62101653
2003,80233223.08629456
186,96852200.95400724
1425,121570651.68430516
2695,80563198.18521689
738,59458379.67968581
395,76809494.05335037
1353,105941495.23454933
1878,88487050.93211327
390,88716320.51971442
1456,107446282.40540949
1103,149897352.14230084
1387,90618214.17890064
2070,87251119.51701732
1199,93407306.26355983
2479,88827009.22277963
501,153541118.38999608
2362,64151852.82722319
1718,98025803.36152634
2188,48723687.94719118
1483,63894969.50820904
2557,49660090.22584721
437,151503528.94783518
2224,116704177.31090963
1628,69729304.16778524
397,78289299.16658303
587,127475366.89775445
971,66097381.338945016
2611,87582523.85356995
1887,32664364.821966097
2399,133954176.23118973
2148,109783248.05261715
304,64197687.75440364
1997,76034519.7744861
2817,78268100.6692209
1431,86626262.56739253
427,153641730.9454873
263,65485465.714523554
598,95520151.09694515
2895,127329111.01231599
687,88024467.22181894
1822,74704874.38816014
2191,70528468.72387443
179,77332301.53383468
1009,92209604.47922958
2010,74526009.7835999
1991,88097134.67451088
1411,112810815.85631606
1721,116980917.82708111
1144,94192343.79485555
593,93112990.0992529
575,127113216.39434463
1249,104184265.5242484
1604,67447827.63597919
1064,188192895.2671995
1923,92943929.12466638
1988,57718336.70388416
2325,82610158.58108352
114,116757205.05442277
2700,143932181.75176182
217,137193848.90127465
343,107434381.54597166
386,110251999.77836263
2005,51376112.340732455
2908,85887076.47287157
1814,111896434.82277304
2446,208828033.21363848
208,80353752.65128228
1679,72250371.13785048
822,129465118.83218952
6,95100908.72341585
1781,147963602.1635765
2397,114990553.2513246
2340,129013181.50001407
1618,85140151.50253461
2843,112498142.30369833
1061,140867265.97847196
2786,64644326.385263234
1935,75248588.93230349
1341,65929064.06124143
521,115177846.86947696
2136,76402789.07321545
996,97038028.37095821
227,80735348.60584505
135,82609001.68046175
1167,86246029.45904486
294,136792621.87163353
1776,103109420.79502754
540,83874820.01669046
1717,98025803.36152634
2303,61189725.082479455
116,95222643.13425957
127,80392687.42901196
1371,82443390.62845351
1014,116029196.74275672
1507,42145471.259483024
702,109046541.92074108
750,104653331.52096267
261,77925372.87932919
1559,53650283.47140359
577,130538666.12306988
2812,97134921.4285566
2080,97631504.94884188
1368,77906757.48299402
2376,65901832.1111539
659,57713728.49610371
1235,81927716.19942561
332,61145639.23272173
1917,69889382.84287922
2094,121366682.98107885
1460,124767179.07418287
1471,111675828.56536783
1509,73319998.59791802
1922,78864839.65932123
433,199459168.35653654
460,109442607.50159693
1116,117661931.66511458
1137,83866827.21574742
53,86210441.95105623
2354,123346651.17839758
1475,108746977.51650117
1761,258221543.37453368
842,74391483.67500502
2739,124870072.38918611
2509,68725292.5545244
1007,97965756.6852128
2610,99009959.62508844
1952,50886076.05305792
2719,146205495.8286619
2921,61221864.680900656
1966,92819119.98386075
292,95217299.37708779
1204,105192363.51722223
1829,125986091.68945386
2419,84017951.12816027
391,90383528.43750238
798,67495262.664046
481,85465806.49586582
193,118371149.13887054
555,73159552.23455513
899,34820873.234238915
2357,93547893.66907722
328,70672409.63994306
1356,61165898.33941138
1154,64464381.65823497
1730,85372591.32230529
2249,67423086.88947041
1119,106509487.10173291
2856,91538879.31877057
1394,79683095.0742936
2587,53815077.60687213
61,154223576.18671462
2661,124044813.53615053
2711,68970634.5346299
1147,95497038.41914287
757,70725537.85103236
2623,38459548.05003842
2378,86590009.76436819
1413,70641752.65039523
1722,103159858.23315644
1112,106403291.01388182
1623,99173699.29998527
1201,104041116.98826726
1513,83286351.58498466
957,156279358.0254514
1171,117097385.02841516
1145,96653798.85103744
2726,138449250.8340438
703,76028642.018425
760,64716123.74404001
1964,77728019.37945755
2512,80652071.62008484
159,79123752.39142786
1281,96314373.65536433
468,84455862.65366238
290,63509409.61478592
665,57775789.99972288
1463,128555000.611178
1792,111381902.61115307
923,95110915.36135852
500,135573669.45103762
1408,115707909.42685017
331,46995585.38048839
170,94517411.88061737
2192,57143761.45744342
2571,167017287.94525608
2314,82301837.40012468
2647,62474143.933246866
422,171038130.38843453
2457,157023467.7096471
1838,101802891.35411316
2805,112872727.49034674
1645,96350865.99029946
1711,133710099.41343017
2825,130307645.22730856
322,151233039.36875886
2103,123989646.04667035
342,65698244.15480855
600,66666559.33054852
488,104602436.97347505
1725,140667995.09369096
2246,120368898.5824968
2847,94567435.55975538
806,118288089.57654002
530,113054352.15053973
963,105246222.89606614
2678,70094674.71830733
171,63350094.38803241
2401,172128128.85061067
805,111111890.97794326
2259,107161267.21495263
1748,66228323.487332836
1361,85945899.01763165
1677,70727184.53152612
1406,81592206.37796146
2322,108746808.70091102
688,96689945.92693837
143,98144216.87001151
804,94475479.67590801
1214,97161588.54533857
2828,61036214.812326215
1999,130584857.29484767
2467,88370953.9786921
2665,87583801.64682364
1538,156083670.14136127
398,64558451.1430746
2822,88011578.86713366
2157,63894969.50820904
1856,104689378.10450302
1269,38739103.98182592
2570,76969279.77658395
2320,101437165.50584742
1517,79968764.63172483
2304,73174341.76711227
1312,49991278.860257536
2012,72622769.77118792
506,106048660.48955213
2865,123015300.06660406
2367,54971495.177562706
554,57938215.210404806
238,85363489.57846276
1954,67462606.17192262
2488,61960282.658164814
2291,61268028.8205211
1969,34307043.8614772
2725,98153213.63128981
1482,63894969.50820904
2763,89638579.16089755
503,117643540.27266459
1584,108061637.79378662
1531,88636289.02158417
2210,109643345.99989235
459,141781182.6437515
556,73397751.06033777
1347,111744926.59608546
1290,49699054.50034814
1388,75064625.51102956
1571,122973272.80641894
2754,97162092.8460772
765,86314836.90307003
2494,76555485.99550669
2870,130242832.77949938
7,100639270.62190297
1114,118765626.6346592
2418,128860085.71806376
291,99141891.35653117
18,139670244.0780655
39,145612477.1347459
1001,125771949.16878097
2442,122801803.45753747
616,71154257.46172613
2680,33610172.23828781
1414,82394159.01463296
289,101044983.1498804
40,116235276.05282645
860,66845093.576007985
409,71716881.68299468
673,85860252.5729731
2427,86032896.62061557
2036,109499670.34932272
2564,90764100.84308754
642,139631845.65548185
1008,95579615.2083772
1908,106323956.63935097
2519,92640808.00481555
1369,44396422.77213025
2855,96479782.62522447
712,52190045.396384776
1943,91403746.35152364
1958,80639351.33073084
107,56759713.0997331
2295,106340713.45307268
704,83236839.82984917
676,78216702.18190524
259,93443231.03190422
93,135767903.7206258
106,106144126.10006712
2315,97620831.76982269
1050,65554972.0550169
1095,85761247.41376737
2709,79590956.47715127
758,107129733.4683357
1496,78024842.5328753
2370,70743170.1334122
2458,124960824.41309883
2733,86467327.21272406
161,138186640.02568072
726,83882760.02002732
845,107603384.21034585
947,118762719.2294562
2232,85834476.00757779
2563,88826321.34542055
2299,112341433.92425232
211,70726694.19051754
605,125668778.61434022
1478,92952044.59036332
2247,120368898.5824968
2274,117653696.81375143
2869,115377852.17571685
967,110066652.77778964
2656,86882794.68713862
667,142059051.80596077
1042,54930020.95683766
2023,96176538.19765101
2447,165252398.34056634
2055,64509108.81957479
2275,132011164.12269066
2204,86888478.70536499
1563,121900306.65023378
483,98935398.27471666
796,78664987.646717
1526,93602232.53084165
2042,104539286.28720966
442,134793964.49331418
1693,137624717.94398636
1468,106079376.95640907
1430,105717003.38449119
2605,125235165.98361596
1529,85930159.53064592
335,88764795.62553515
1287,78434381.60407962
31,60389180.93468555
1785,129912612.04613265
82,82956941.53595561
2620,90701804.17407753
252,92342907.49443224
721,52866328.31666187
2165,100148620.50185898
2316,86988251.97753488
775,64302403.39950944
1558,66293865.479680814
17,86760882.91985005
1022,133678536.08865741
925,76863831.03008708
438,128897152.62381658
1270,96471162.88004896
1272,76685927.1112275
215,94062483.16927408
266,104202128.26794972
2402,111482399.30139469
1250,70908307.22695017
1984,75845313.7426757
1279,87959661.34152146
377,139401942.5931553
1252,65757393.80983332
2156,124408403.03159052
499,144213159.58007842
1374,74119553.9319611
2898,140109949.28346434
401,64573554.30689635
2721,109883416.78771032
2078,138874507.4204353
2589,78795579.96584332
1946,140168069.98679623
1334,68080895.48698193
2781,115944435.86606117
431,151493155.29737508
576,91935084.05252446
1474,96563353.4359485
2254,66259243.944607206
2155,123920979.7261567
885,41736185.14372453
643,79200924.9964529
1944,64756848.60636761
480,91828081.04928884
2845,69893723.77864468
2387,132967936.47211221
2407,103006910.63200763
2527,79453721.91172267
2514,60685853.54582367
629,104174612.14497055
80,102944709.74685287
1876,90824092.35337503
1546,67344499.99255575
2518,90561246.15770625
2347,78360686.84266359
783,108999222.56201263
1322,66848115.26071323
194,56473985.451570846
1770,141951733.14969113
2143,64672764.37285177
1229,100459632.09544195
511,128087737.65105115
46,102255766.08885956
1348,101503723.23212764
2465,86971278.85800065
387,104687832.48664498
873,106523149.4214552
1918,75200515.19927613
2764,106081990.75038372
2184,71726290.39565359
934,67070802.08376217
1920,78887530.64183769
2631,75054920.94828258
1768,253985934.6197728
2040,88839468.42620777
1749,105588608.82192674
834,120490981.56887701
1457,128531447.32547404
79,56041906.37032493
2302,61174621.918657705
1817,64644987.16286739
2755,121489346.98867707
359,83518654.27190554
2059,66249919.37486024
2092,110541262.39824887
2516,117977979.19915304
150,71795691.9193891
1656,89803605.12486738
83,67588574.7783526
2411,99094259.15668178
795,31186375.196643002
2312,120292362.81656614
2917,47042432.3994989
1624,84374644.92022006
2215,155463193.63845652
1211,84935155.04583208
1485,63895198.16867863
1024,90730722.85229091
570,90416727.71364103
2874,79696274.78102429
700,124994376.34851263
2756,112789142.23188177
2022,125403044.23101255
583,119788133.61894907
2392,131661111.62690216
2424,104982161.9511835
212,96661044.42688674
736,82950060.25680172
1610,103000341.73477992
890,80765392.011047
467,83798402.12142226
578,108353239.31173885
1747,73608768.82405902
1149,90088373.77910247
2758,138545864.58185703
857,64747212.42955327
2219,133721688.65025374
733,70417797.73509005
2909,58683316.87573408
1798,114695160.06241724
235,96191885.7343094
2366,79748134.68312828
1027,75837461.0037626
1195,68678949.5931426
1303,29857602.451778688
148,105536325.70191495
608,96615675.30453399
2515,85102879.5787754
821,122396367.32565452
2500,139194506.95860532
745,72534262.94486807
741,91786567.41842704
1611,93379646.71629275
2532,73264153.83626454
1081,107978301.87805921
1692,172667001.97453675
2520,77703087.35688464
276,62076478.107592255
1992,80796721.7356127
663,37307559.02236687
418,62560911.05753113
1733,92015106.11764696
2359,82625384.80210984
253,92057781.50146435
1518,108702534.55395396
2035,80160756.8966088
2919,61214959.330830105
1540,111905336.19463083
2120,76827707.51129545
1674,100593414.84606972
256,77119582.19379672
2361,64587367.83941455
978,46956435.2639618
2280,69795616.88527662
2095,104743489.06939708
1709,135564704.82538763
2801,120533504.89318971
1246,59564164.477537155
2373,54943605.828886285
1055,119087822.7571594
2017,75570003.4347029
1099,126747747.93763316
1344,29736387.605590418
835,117494007.79229796
1117,107114917.84064926
2043,55916316.62839451
2085,77876415.31365493
410,88093175.24100836
2650,65347685.96772507
2867,92978932.63817927
1668,71064289.68702209
1161,70664967.76251742
2122,90209817.26530541
2539,85373566.5828347
1047,80085021.10005146
1445,70228233.8016471
541,83855778.5699328
569,129889602.1165422
1276,61939119.037736416
918,67691208.94776009
326,101034171.0560081
1936,69066119.45533437
895,65285931.85173578
257,68957021.56890477
1241,110859580.79903767
1545,67253276.58502164
1189,94259684.49282864
270,63864305.85962637
2066,123937564.17586534
693,61593386.422199585
1259,86420582.94838318
2916,92240978.99794203
2321,147175906.60272175
1977,75771112.21639134
1895,93640896.26634593
1240,94217367.72561333
85,84624934.82224968
1823,80675183.8819097
825,138307645.73184574
110,112213489.83778083
697,56993403.49892441
2297,59511693.56104021
1231,85466979.24271175
1355,88976927.67170507
968,138295761.5217516
584,105607803.36286657
1315,78208779.98152106
1606,61210522.413861625
206,60832701.76119023
1685,135697140.50472164
2016,89040749.63525471
869,105831092.97717154
2135,65770389.42239062
2346,88807232.92536211
2430,107529159.81931223
2198,57536604.43971759
2652,71597756.84220755
27,65877872.059446186
241,91284828.94443536
906,78038745.88000885
1506,60846088.92494215
2098,161515938.36743551
1435,106613138.37912218
2213,45446917.511810355
1274,77774256.40133192
743,39085562.91865836
1737,100918454.00625451
2797,124257916.23047303
2185,42716762.37414637
58,68223006.99251366
830,92778262.39602976
808,57448647.41961588
680,116271059.42159931
1153,66508792.27985574
1291,81041726.35267651
1818,75678035.99065094
2161,83419639.93752941
1883,79534030.52648991
350,177845402.38094503
2473,85203846.95102267
295,119942847.40642564
293,121126488.8607448
859,64590338.11144619
288,63724632.82288159
1578,66979939.00464182
102,85292508.08047369
2831,100859301.82240056
1030,108231192.26204672
2551,93302207.11668615
1286,81075238.67385869
958,121937487.54410541
776,63709251.905464426
72,110448745.6061564
2263,118278748.24774238
1866,76859281.17893422
2876,47210143.68684381
2146,129884378.0650393
103,79426470.28103997
1500,61004853.80637325
492,94578770.48966026
167,87758617.82918781
2597,62127631.16831878
2685,75683720.21217716
1035,78853311.35153882
1220,26401586.646975897
2602,83759234.1621809
2159,104411836.06011307
695,108334329.75433044
1109,125866313.13956715
640,102591874.2981398
1652,77339537.32642612
2090,109842770.19440866
1188,130343102.12630793
2345,114716983.77806735
1059,172918912.56802893
2751,119818508.77989572
128,134718468.75837606
1523,107294580.87172893
2925,91573786.41218269
2145,150461084.16702288
1121,102978858.40619938
566,164711099.97673112
565,102574584.24228546
1331,102897545.07617491
2928,70724832.62968026
156,81068672.69663194
797,92723602.79948077
327,61192023.476659164
2859,87903633.52623482
1453,58312905.889358126
1762,162744204.39296994
1868,102454056.37074156
1760,97220723.48780026
1113,118473161.61834301
1812,100852532.15166792
117,88301895.69657868
1142,115988302.67430334
2342,147115221.63376927
927,82946301.63644603
2478,104453193.16190645
655,58937242.67748704
2064,68165534.43754065
369,115130140.83132933
2239,75000652.16620877
2732,109100880.25256926
1653,87421437.17337482
959,95585753.60505617
2395,146037308.1667753
1412,64652971.35443576
271,125046825.97898011
1484,63894969.50820904
1497,85228794.6883124
552,70535439.31644525
2,66286491.1865474
1855,163762808.21591893
4,158112849.1226969
2292,78314688.74500872
134,94643413.8195955
646,74912962.10110204
42,127743843.46267793
532,116827937.75919655
713,81215438.9406349
2561,84734561.89263
2360,82006810.87757128
1333,70050849.5950701
1407,121542888.0067554
2892,140058258.67761007
574,101864404.76375283
1227,99149872.13338292
2591,110785631.33611886
1476,108071404.74860707
1125,114560749.5310364
1446,73785204.05064118
408,72266356.73973656
1101,125704310.9380347
2251,106572701.06423497
373,104821706.05213559
2554,73775186.40884645
2382,121776382.62773158
1985,62965233.13353192
519,98447963.18481508
1093,102589833.07214886
864,122302160.00692536
2889,74137609.0892331
2308,127717989.23289253
986,81055394.24615385
1302,89568529.83631112
585,79240010.16380592
2708,79588152.74084787
147,90054755.31212148
1441,112396922.1293441
383,99208645.6875293
285,102494234.90529652
181,83572979.75356075
358,80761038.47828056
780,108204371.68157259
258,96591760.52475233
1865,128104660.62637316
692,75844369.4824186
2902,146583368.2597634
508,127649233.26725985
2638,107541278.02876824
36,86559574.77625512
611,96173400.17320342
2281,78586350.07258789
1678,70727382.30006789
1696,191971624.711644
1557,51696658.415756874
2180,80649407.27266829
1726,99708064.88346936
951,68428693.77700372
267,117923661.43612249
2706,90997438.81518416
2221,124132767.06070296
1357,120076306.09181668
2901,138768222.12269887
347,75615145.0564354
2164,88834524.88403276
1586,140812017.87825003
360,89059968.82501225
1769,117651237.3937259
2617,54837116.5345429
1879,129389162.8753082
991,124455352.80444515
1535,84007936.0583255
1191,121668104.50240932
1579,90703314.07459365
1882,71587937.74844772
1510,90016861.3339828
2196,145054755.38619673
1845,85338274.89287813
2336,157427398.76876873
942,66099365.11009329
861,57460479.52875832
2555,73606961.56111024
1392,103311347.75606817
2099,123989646.04667035
1543,57983770.410870805
948,134741340.11658886
1239,100538697.52918865
22,83324342.73969464
2796,124445898.46829605
2747,97432713.81052047
92,134467387.3557174
210,115787116.12369418
1858,88208073.50603089
2228,75997883.09950118
447,113086005.43532306
827,120705964.89778616
1649,101615771.43599018
682,88422848.03554702
2698,73057017.7649331
494,68230999.79345669
214,96032550.92833751
2441,126344946.13455456
2679,66040311.38622319
1336,70413978.14478196
465,82225593.95254755
1524,72672776.53730796
2543,64425054.827616505
631,86321911.77684188
2452,142207523.37691426
228,77069065.36797075
126,129397535.89605626
1092,101963301.07254335
1122,103308880.64967299
932,120181421.44450982
1980,61987521.016563796
2171,71710296.34107764
551,77887328.5391169
2768,103936976.84758887
2056,66791700.10922964
1159,174093665.33415404
2645,107225007.59560648
1174,78108138.93711151
2266,107909087.7948409
2462,175903711.7950523
1219,83579736.57749356
2922,129595038.3127716
118,92115053.89434582
474,86212015.8502164
2576,103434894.30871175
872,137254498.70429656
1077,101046595.79647432
1536,81336922.80602366
1150,73476862.79081184
2341,136969123.41607043
1931,75348002.94751227
2785,72627584.72313063
2538,78580664.9605309
597,120888010.37252545
464,89917130.7002336
233,107061904.30749823
2169,69946056.60471338
2123,73104307.5111578
1867,96932044.45957057
137,155697327.04389632
515,103622888.41386178
933,57968438.586579464
2784,85362361.4354862
972,90525682.93193884
599,101547963.91784817
2614,64443437.29969427
2582,70676424.37050506
1409,105513737.32666408
175,90681372.99920449
352,108869998.50235473
976,47047058.161011
2134,94400366.08511041
984,62458746.55476388
2396,144455096.6714411
1673,56086634.87971218
404,79655173.9522554
607,98208247.01015954
814,87047694.42174283
868,96494675.23926929
2271,112083986.4483421
1633,123100989.50575165
337,136852765.74704498
2765,120014021.5388397
1746,115144433.5136636
368,153943187.53158727
2806,104631243.01394767
1662,110962859.34220229
1234,115816566.85672127
1373,80886496.24512039
1672,64604446.6159486
1939,68856918.7105847
