Id,SalePrice
2658,201068.66795638838
2718,272452.659250943
2414,149607.00020922814
1989,125052.73808258097
625,187918.7057084852
333,108075.41238812523
1327,143492.96995480813
858,169326.1997114216
95,175940.3002490166
1568,170967.23480324363
2482,161756.53775039446
1364,135645.59087071323
2584,185155.228340292
818,289229.88363710756
2673,199735.30260247565
2089,179942.89754626874
1297,158631.37885567668
790,140565.51390045683
2616,243858.08815408696
720,186295.90231222592
222,138618.84074878297
557,109709.93490684732
1148,220783.80215532237
2766,128285.07943258848
534,161957.02507754657
1452,109681.18571432726
630,209332.12598997884
2648,197901.97101170412
125,137745.78053082747
1904,66313.76195880602
1670,108799.53779216185
756,107300.33644366215
717,286860.6924284925
1032,156064.7324797068
852,202412.22832436752
1731,142758.1507679979
2639,193820.74925280956
2071,129488.87683398859
1267,116504.53822784493
1851,182560.3998924597
567,123347.35802351357
2439,200707.8187567045
1898,177988.66111195317
647,183455.7735762426
2256,203584.91669662413
979,145243.31436244326
1444,190073.63618838583
2485,124594.47715863545
157,120274.21287208813
88,135652.1297317868
2003,144763.32140801763
186,245368.97183574716
1425,220517.81138977982
2695,147019.5354100202
738,130080.29570703645
395,133596.18636493688
1353,206558.5169723951
1878,180542.64347427935
390,158300.45678030924
1456,201257.23180176405
1103,278249.91455454344
1387,150522.08447674388
2070,155851.85906228513
1199,175644.53874594372
2479,167683.99168376843
501,286638.5385562442
2362,108816.64781197098
1718,174224.63753107376
2188,96340.72904084396
1483,107260.79813037073
2557,92391.51322108759
437,289225.33605116024
2224,212755.86173043874
1628,156350.59222906127
397,137149.3694219644
587,236783.60403923038
971,243801.711478359
2611,160332.20636118698
1887,112361.85345848872
2399,244978.5411292955
2148,197491.3026692593
304,121125.48893718977
1997,139312.10469731293
2817,150610.0396087401
1431,162397.64577578846
427,283583.15473645367
263,111457.9952048768
598,177154.61025176622
2895,234249.52161077136
687,139204.964049557
1822,129609.32850160042
2191,145504.0913139043
179,139489.27748527052
1009,163324.70813365353
2010,135016.82385733258
1991,177678.05958046735
1411,204885.34677141742
1721,211415.2947419278
1144,174961.9706041223
593,172868.94703837472
575,232288.68092677149
1249,246441.16844819052
1604,118380.02497863138
1064,346723.15592702094
1923,165844.5517945388
1988,109904.30334743086
2325,151940.62803612257
114,222584.01980010472
2700,265698.74944202637
217,252561.33025151395
343,193834.86514924341
386,206190.51630204995
2005,186198.5663472398
2908,150616.17868759233
1814,202816.90833328007
2446,402367.5387569723
208,199362.92606408952
1679,130951.98394807149
822,236039.74161315864
6,175291.34041146454
1781,272362.4389176945
2397,218243.07554618528
2340,235096.4322310696
1618,155736.79266087714
2843,189072.93449475977
1061,267212.1017703661
2786,109733.06067884412
1935,130962.42405087638
1341,119692.40346375506
521,208049.47185086115
2136,133464.57504109287
996,179193.0513197154
227,148422.89500771763
135,148718.6836178286
1167,159675.89357630696
294,238544.5982610992
1776,184239.5783405441
540,146690.24705989475
1717,174224.5939386666
2303,102696.98732132983
116,185997.8610580519
127,141306.30890846092
1371,153131.6082488352
1014,200193.92344671697
1507,136592.61918656566
702,207042.34520862915
750,196742.00470758294
261,142428.33975995847
1559,81929.1607104368
577,239090.47699495
2812,180731.75297799264
2080,181121.78074695583
1368,151842.38631220002
2376,115006.33950470987
659,99099.710544463
1235,144206.04019186035
332,108075.63035016101
1917,120337.2474928372
2094,217967.60825643895
1460,238396.32551612725
1471,202602.44963963414
1509,131557.04843106595
1922,138050.6339273505
433,376838.96433419443
460,196999.10505634206
1116,212865.4051933317
1137,146703.82609472418
53,151048.33945292476
2354,236866.10068581993
1475,195447.80493465273
1761,509869.7994571539
842,128288.46953741708
2739,212454.94334383382
2509,110659.70513871196
1007,209811.44323048618
2610,196330.73349103788
1952,84120.98689701213
2719,269766.1501242225
2921,108075.49957293955
1966,165460.4691980079
292,178387.44222091825
1204,217467.88463211115
1829,260248.38480914736
2419,153859.80945550886
391,181441.66297069687
798,131819.77812247485
481,157982.50419866873
193,228897.67624612237
555,126849.8180424585
899,121548.94522286238
2357,174239.00026017113
328,121526.19583296339
1356,105912.8842309095
1154,109663.31282739289
1730,156114.62895340548
2249,116770.11486551943
1119,199606.27898504108
2856,167977.94788369793
1394,181237.22002067766
2587,151146.3569804173
61,294167.41526539123
2661,236105.9251591634
2711,120077.20709087161
1147,178047.23193627203
757,148573.57818130517
2623,135645.59087071323
2378,158241.62619804518
1413,127787.79404133771
1722,184311.51165899017
1112,200702.8809262424
1623,185763.98882821342
1201,198993.95410619222
1513,150710.3270527897
957,287112.6442907107
1171,211847.37842537553
1145,181043.42449351514
2726,252475.13636929056
703,143172.806188861
760,113767.78885187596
1964,135652.1297317868
2512,148807.5486008314
159,138001.13474902368
1281,194867.0775717228
468,156104.620371635
290,108516.48059921735
665,107104.68202706751
1463,246733.53069128233
1792,209915.68029946863
923,170181.38119580576
500,259437.6511459663
1408,206430.55405903433
331,75036.90983738752
170,210004.89863188792
2192,95540.6425124693
2571,296388.21373315156
2314,151421.5850074287
2647,106697.01593826468
422,328391.16007001454
2457,291875.44962126703
1838,181607.89251246053
2805,211461.8371645655
1645,171723.04739551333
1711,259206.08307931296
2825,249690.9370445876
322,280053.72954132676
2103,225848.02189939262
342,112463.6199329968
600,114112.44211613332
488,196767.07683513692
1725,257955.3005032308
2246,221910.7126534271
2847,191620.7149652054
806,223790.92775905647
530,215140.60489417196
963,190616.76682310234
2678,125699.44302568046
171,128044.96646602487
2401,328339.3347942452
805,208024.14745077826
2259,318704.10932936275
1748,144473.22595815535
1361,159476.14788139725
1677,126663.25399762299
1406,143682.68995739243
2322,207761.9994734259
688,196353.5063449255
143,176092.9256880423
804,194649.020696046
1214,181417.25122268894
2828,140289.48093170158
1999,253869.36739328355
2467,163400.40555123315
2665,193006.74807723062
1538,395734.815739595
398,109678.09065341912
2822,155903.36349134115
2157,107260.99429620295
1856,193669.66002904795
1269,136825.7712903639
2570,148666.80865331172
2320,190082.01160558464
1517,157727.03509829368
2304,125985.65067556303
1312,112480.47362046453
2012,139426.36356238037
506,199601.2015922488
2865,252775.69965995252
2367,95288.88780021394
554,97919.05060833362
238,151039.61512485635
1954,113254.85720271856
2488,202587.67404206327
2291,108075.41238812523
1969,118676.13809751938
2725,194364.07271583698
1482,107260.79813037073
2763,165476.1591257624
503,224097.55418605843
1584,194741.84025996708
1531,168317.4104310707
2210,208088.25897965944
459,260158.76642253707
556,126791.27343964664
1347,219297.63654048255
1290,81304.98067819473
1388,130669.05725363924
1571,238385.89680711497
2754,173106.77245745406
765,152241.06863919963
2494,133412.78141475335
2870,257207.00101098386
7,179557.61615854103
1114,215144.65651248037
2418,247406.3343593865
291,258130.16643468224
18,256115.40695288815
39,268480.3830478005
1001,230334.66830112867
2442,237498.0705236631
616,145277.22657448336
2680,101301.94974842107
1414,157792.6841105241
289,188853.62510159242
40,210120.82513364105
860,114107.29821208879
409,123499.22059476364
673,174919.54568390816
2427,150601.5651282651
2036,207453.75070283862
2564,191900.2418193215
642,257548.95813620937
1008,179290.4605564772
1908,201737.81807933995
2519,164337.5096593878
1369,94259.75778564895
2855,190102.5374475342
712,99088.7688502666
1943,175152.36465283987
1958,141938.83632665363
107,98409.31420576938
2295,230053.7019533834
704,154192.3438905716
676,135163.26109138003
259,173904.80872135877
93,257599.81124149697
106,198685.3329600963
2315,182840.831988724
1050,113861.88306272437
1095,157047.61670274354
2709,139276.08506183367
758,200176.0868686924
1496,142525.1702440522
2370,126658.67679487151
2458,227174.56967270997
2733,181424.9888749593
161,352153.881824658
726,158988.38974829862
845,193366.51258304107
947,219897.55113083942
2232,172589.21834340182
2563,175176.40976292815
2299,219885.15745065833
211,130762.5651093151
605,244315.36824887144
1478,164348.85963481525
2247,221892.88335889988
2274,214736.4221320402
2869,225317.84945320466
967,218773.87917773164
2656,153760.78606190367
667,274198.2859008685
1042,95287.5146393885
2023,202290.78935512147
2447,318845.93309846823
2055,116936.3821530533
2275,244398.8695047807
2204,159531.96067851642
1563,224971.06600763358
483,176020.19175670083
796,136908.66809920993
1526,176203.18426037702
2042,201448.20449345122
442,249080.53238657067
1693,268346.31283373013
1468,201004.64093029266
1430,224695.41367726884
2605,296732.5031369906
1529,159351.6558713376
335,157891.79232243443
1287,153312.98242680746
31,106719.85005578469
1785,236894.36224288674
82,169484.70915440144
2620,167404.46502418135
252,163154.5770714493
721,102515.53392653873
2165,178451.84797790743
2316,159604.2191854494
775,108797.61972624694
1558,114342.69721073669
17,197557.66654122807
1022,245265.34726925552
925,146709.44524961372
438,235604.36670297055
1270,204554.09817236086
1272,133745.2346516437
215,182171.4420536595
266,194964.69105070992
2402,208760.90970884767
1250,122666.87568509282
1984,149042.3529846768
1279,180204.34899353416
377,303709.80073825934
1252,242487.62103055895
2156,234635.91637976345
499,281711.7024466188
1374,134583.04531632474
2898,274951.89185382484
401,109753.54911020792
2721,248334.440901097
2078,339641.00539514166
2589,138145.44741291698
1946,323400.23790041707
1334,136856.96566297315
2781,209696.15215941
431,280327.1092198824
576,163010.28620375958
1474,179572.8843343071
2254,117681.62358658743
2155,228377.98484537532
885,148366.90299500103
643,138911.31390167336
1944,114012.08654822086
480,169316.03516353044
2845,156085.11579598655
2387,254531.48380431058
2407,184024.09522532998
2527,145664.6548556806
2514,106103.54415032538
629,187712.1531901013
80,192587.75823710894
1876,161383.2820204051
1546,121765.79672712192
2518,160517.6543078699
2347,144863.13193148604
783,199912.89914734225
1322,119169.12161219446
194,95028.93729734929
1770,270783.58169542206
2143,109681.62163839884
1229,191797.5071593051
511,233369.3834732898
46,182539.69349906011
1348,195525.47030946412
2465,160071.71946995604
387,195438.0874347461
873,191295.37726229694
1918,130917.45848289391
2764,201229.113568466
2184,123826.34971134388
934,120428.65972414389
1920,138027.22480470716
2631,136830.1913963129
1768,498811.24688687245
2040,158606.79816531253
1749,199781.11268672763
834,189490.23687530545
1457,245054.40346037588
79,93158.55085820022
2302,102624.82009128138
1817,112675.22917061092
2755,220410.9387569974
359,153856.17135247568
2059,114581.7973077003
2092,241135.0979869638
2516,213537.06264358477
150,139267.86789308456
1656,167247.5798712811
83,131571.62953124006
2411,176428.0104189287
795,106972.41681711613
2312,232243.65921983458
2917,75037.82527793781
1624,155884.64977985722
2215,372844.3403769977
1211,149851.34831367809
1485,107261.05968481368
1024,160999.84746334463
570,167445.44412600616
2874,144507.2238891436
700,268185.92355318484
2756,203249.93510011866
2022,241342.1162158847
583,227374.65587983694
2392,251699.65549079093
2424,190729.0507610092
212,176052.5065456692
736,151206.04348157297
1610,221164.8796642347
890,151801.44346931373
467,153528.25599026258
578,285828.68907194096
1747,147496.452474838
1149,159116.7596841463
2758,254683.40330002105
857,109677.26239768314
2219,308805.7575631804
733,122699.65717527489
2909,130231.85278561016
1798,215224.33317918694
235,184084.3176196796
2366,144880.99242186954
1027,137409.47904621682
1195,118700.6588265452
1303,42266.234544452476
148,215369.49604566666
608,172893.20156151787
2515,178110.2159643785
821,222749.85213197747
2500,267182.02842670865
745,128983.5361103135
741,178870.8055434135
1611,210018.0941828226
2532,126849.8180424585
1081,196796.39451642492
1692,328313.2632065852
2520,134977.9061761484
276,227756.87863785776
1992,158898.09053276535
663,70548.91207102963
418,105439.91671618547
1733,172431.0442747179
2359,145000.54104548195
253,162498.18281033813
1518,197338.76455570327
2035,146826.9671050025
2919,108067.47857002265
1540,240465.87248217038
2120,133143.12888700966
1674,179392.50406979685
256,137451.08416517207
2361,109728.54886470336
978,75036.60469053742
2280,120292.56527550126
2095,222784.48781725232
1709,260723.51858860897
2801,228007.54279505849
1246,112431.9718454008
2373,95282.937436637
1055,215722.7806065411
2017,146857.2537802214
1099,241251.56798116353
1344,101396.81880097947
835,234178.34166172383
1117,192994.93516072727
2043,106079.78945498411
2085,135277.94261168054
410,162616.94732804009
2650,122387.59250837314
2867,203223.20489975414
1668,122424.31583839719
1161,126348.05880897352
2122,159337.45209201568
2539,150597.67955739112
1047,139854.93427724947
1445,120641.88292732439
541,146690.24705989475
569,236772.60864969718
1276,104961.48845729284
918,124779.27477222678
326,180594.3440691676
1936,118709.70425103029
895,111434.6732670478
257,124666.5136114624
1241,213963.32089404005
1545,117791.00278278138
1189,167889.204727935
270,107260.79813037073
2066,304026.212756773
693,128491.21691725819
1259,182435.23484986025
2916,182987.59537966887
2321,275746.50516729127
1977,132930.8992527657
1895,185009.27511449333
1240,168289.92367443326
85,152710.5546079881
1823,147442.3819403967
825,253460.61130237437
110,202343.22154383795
697,143162.00359798258
2297,99639.69128226134
1231,151002.6487635872
1355,171025.98234468597
968,253529.90143355043
584,236963.7159206746
1315,167178.50951123162
1606,102587.4613983478
206,102628.26389144678
1685,250237.93577348176
2016,166063.33017338903
869,198605.57308160613
2135,114207.56074854993
2346,164238.6916725804
2430,203437.19797833558
2198,98691.40651911942
2652,123817.63122991248
27,112363.18302690702
241,161089.65366872505
906,141212.09165225874
1506,107564.2605441962
2098,311855.1456178961
1435,191441.72281976003
2213,163213.55759833276
1274,144740.09224389624
743,100216.63838132883
1737,179939.3883574926
2797,236600.5627300683
2185,152161.1855530844
58,150989.1720972975
830,163972.40570953683
808,208665.2874275461
680,213697.62002515563
1153,113544.4532567366
1291,150154.66608916587
1818,280243.84772221243
2161,152508.5437427831
1883,139370.53385857635
350,354276.1060465403
2473,149198.1304516524
295,234404.24901370605
293,295142.15765763866
859,109863.03144078278
288,109703.6793964203
1578,146750.94767646934
102,156548.79098579456
2831,186694.4057871679
1030,195314.44991452244
2551,166408.74811451283
1286,171952.70899405333
958,221332.86606337593
776,109125.09758208442
72,198855.86302161755
2263,214062.69563279147
1866,141874.73369192923
2876,76780.38708602852
2146,245311.5860182992
103,144693.70760679364
1500,140289.48093170158
492,179331.00736533725
167,155570.61680087465
2597,105069.18934581123
2685,136807.89840342948
1035,137766.48692422704
1220,88425.88486003659
2602,164703.52217956723
2159,197123.84579428734
695,206542.38738334793
1109,237927.51717939592
640,186361.9506892643
1652,134535.0493214959
2090,205246.16713371393
1188,238995.29297392265
2345,265127.4057657276
1059,329978.9418137423
2751,222516.40456229265
128,311105.19491273677
1523,203719.28172946128
2925,163068.73192848315
2145,277336.68393339275
1121,184654.46481936838
566,320635.4003669665
565,191048.27837733418
1331,200398.61182674818
2928,125389.65369456794
156,142497.01689444
797,198921.64542793247
327,108077.24326922583
2859,171956.97988831604
1453,97289.72723206697
1762,308996.16581558844
1868,219824.07438530173
1760,180863.40843264788
1113,214526.3184228173
1812,192910.00573637022
117,178951.21896413597
1142,229932.6633786193
2342,277508.32903657353
927,146308.62743436827
2478,195603.0959913607
655,99022.29042935214
2064,116783.82467757032
369,208126.89196597203
2239,131538.12876633988
2732,196530.36015847526
1653,155957.5329038707
959,177534.77771449258
2395,277810.39861277724
1412,109728.48347609263
271,228364.6237725817
1484,107261.05968481368
1497,149213.8295648659
552,200825.11610209476
2,114498.72612922563
1855,330775.0269951606
4,293581.034965159
2292,138981.17073414248
134,169293.81055290395
646,130552.79045711452
42,232809.58998643863
532,211358.13924950795
713,150302.9140436376
2561,161661.87099161602
2360,144095.82689329347
1333,136358.74080781394
1407,263303.70012090204
2892,271835.00140020857
574,190029.10866518304
1227,227309.4068346836
2591,283327.925448842
1476,194091.76689789369
1125,215726.13247172802
1446,127557.67898685552
408,130944.66042366909
1101,238888.33345730143
2251,187634.5587053618
373,190478.89998883125
2554,136143.17214591437
2382,221108.98556314711
1985,126071.18092620015
519,176098.15677690116
1093,193253.18956565164
864,232728.08284605338
2889,130407.36034020173
2308,247419.66274949218
986,146886.30763571154
1302,165119.76360958762
585,145681.58737220996
2708,139802.68293063482
147,160211.1661960785
1441,202742.9538145382
383,207682.47205001302
285,207371.23779376433
181,154008.8247143519
358,148313.42176647895
780,287924.0818239935
258,180410.7733844677
1865,273069.1610309322
692,136599.8570223264
2902,281490.3539893526
508,232507.43931915934
2638,199907.0443552893
36,158243.82761460662
611,195498.91703204435
2281,136039.79700863417
1678,126666.91575982419
1696,358845.52858283056
1557,112610.87929288132
2180,146569.84284932315
1726,177521.07141287604
951,118883.60020981659
267,223965.27113196868
2706,186186.25149221794
2221,253673.9583896378
1357,227191.55828334298
2901,271506.2271651053
347,179312.14826291785
2164,157808.17198257765
1586,265848.64235275006
360,157775.0635493419
1769,222245.61414084322
2617,199472.32663777287
1879,237215.73716172224
991,294652.1631316694
1535,156528.0032239111
1191,222001.86437679242
1579,167638.08280625875
1882,123670.19001563347
1510,168672.1426084512
2196,281305.9379909346
1845,156529.9808621063
2336,304350.4384871577
942,119709.38084337831
861,95519.45660259099
2555,134284.9697832649
1392,186378.43446580664
2099,225824.98331221016
1543,101153.79823906175
948,258776.7532884133
1239,194712.15383069316
22,155340.74234466173
2796,226244.599567211
2747,173793.59421876085
92,258244.92438397658
210,229498.15446993735
1858,173190.60650305398
2228,132623.36492320255
447,203852.03501811574
827,218883.48952866
1649,212669.80873380517
682,179762.68068844464
2698,127384.32793315867
494,150991.30812524818
214,199536.92323911792
2441,245103.93643110685
2679,131933.98715944012
1336,122194.88315289284
465,150262.07778040075
1524,134970.1621920602
2543,109723.03442519801
631,151021.93840375417
2452,273718.064031456
228,140851.1516495789
126,237273.1919543552
1092,182559.96396838813
1122,184654.46481936838
932,263624.6221947551
1980,136756.71507079017
2171,123924.8903477223
551,143659.20838138752
2768,187088.06090269348
2056,114104.98781450946
1159,331608.3503535894
2645,214274.12902491938
1174,142914.45694144332
2266,201565.0070208987
2462,332954.718134589
1219,147242.4118754935
2922,237259.6783081365
118,164022.2318309173
474,151047.8817326496
2576,186341.72965898042
872,252015.02861467787
1077,180176.47735709
1536,143182.34056433683
1150,127425.74071995783
2341,251687.72512846897
1931,152558.10611352304
2785,125525.82042495988
2538,137324.11543269028
597,228676.3956214167
464,166531.58479570472
233,195051.99097529036
2169,120360.4604496483
2123,132654.9241246407
1867,173361.92466318107
137,308081.22137269937
515,196279.2747973634
933,101150.61599333929
2784,171415.46947354302
972,159780.43972388963
599,180253.85387979372
2614,109684.4987372712
2582,121332.24152024786
1409,196618.70628953527
175,169750.6420693223
352,200264.39216323063
976,75037.67270451276
2134,175112.07510248246
984,105142.8605139066
2396,269118.83903336653
1673,95303.45037849098
404,144885.52603221388
607,175966.10952898554
814,163523.86589238734
868,179797.92830424776
2271,202190.8384379836
1633,232598.30796993696
337,262779.40972598817
2765,216241.44306689533
1746,208092.3231870965
368,284154.5002112015
2806,187313.57611819071
1662,208123.6324412343
1234,218789.74754686988
1373,160894.83335450335
1672,109720.85480484016
1939,118706.65278252927
