Id,SalePrice
2658,173564.2424156692
2718,204247.5354450149
2414,174861.04326051736
1989,124199.66876352832
625,184594.26531244203
333,105921.93943802989
1327,140963.87385351202
858,167625.65428223822
95,215351.88761660995
1568,174268.50604192275
2482,185718.08536786732
1364,133431.03306181976
2584,179687.59982448333
818,312214.6803873745
2673,187467.77065028212
2089,153551.5456686888
1297,159437.6586249509
790,138621.52081649148
2616,240743.35719987133
720,159159.29017885413
222,115734.40855781344
557,89527.67870640583
1148,239637.51243127606
2766,151768.00311468553
534,161022.30023416103
1452,89102.44047054704
630,185992.90917870472
2648,165287.48757051703
125,115108.2713207152
1904,67698.99267557365
1670,109065.60804408215
756,107369.73461210701
717,245365.40034838545
1032,155784.68773517845
852,203172.52154356783
1731,143671.4551338691
2639,140852.5006902169
2071,107661.80859298256
1267,95824.08174993354
1851,183960.30472695944
567,169245.2438623352
2439,198144.04543283308
1898,151268.89075823728
647,179125.57179681727
2256,222803.09627770245
979,139606.0818811902
1444,209645.77830581146
2485,102848.84470047205
157,119052.7121350558
88,136469.5955799028
2003,140073.1377528253
186,262439.8629582844
1425,219082.68806340633
2695,163575.90044231986
738,105077.50421344236
395,111072.31737247968
1353,180853.05402800342
1878,174947.1904356118
390,163032.06054618853
1456,219482.58956008556
1103,292992.6625860215
1387,127964.74876124875
2070,133073.69436821397
1199,148176.32023138384
2479,188555.12194262334
501,279623.1851079784
2362,88602.35945044714
1718,211883.07610756313
2188,76093.1165567305
1483,127501.23935077716
2557,114405.74944852377
437,260996.17096671087
2224,212012.31698483758
1628,180200.83963136197
397,138136.45351435913
587,231553.93489870598
971,215450.15643290023
2611,159516.30923380455
1887,91890.32683184752
2399,263697.1578233165
2148,197967.2036457198
304,118187.25532648736
1997,133974.0460022238
2817,150674.70346251823
1431,162810.0562605455
427,301094.7130982904
263,90808.6462837042
598,181822.85270049362
2895,278157.8094627787
687,116212.22860330692
1822,107395.51868456439
2191,163628.40533173308
179,113184.60496835658
1009,186386.17327876439
2010,136594.8393427704
1991,149639.74870224652
1411,176383.23800637663
1721,230084.46942423188
1144,195170.11113767058
593,193217.4575070753
575,252119.29664011122
1249,244135.72521289234
1604,96941.92563221394
1064,371382.4098556874
1923,165277.78902044677
1988,109023.11502042264
2325,174326.48999595232
114,248209.03207547223
2700,239985.6991995583
217,227931.6378228648
343,174365.57080019364
386,223510.17170512478
2005,230055.94071809834
2908,129356.52545890026
1814,205062.41337513394
2446,411478.0800065882
208,173216.63124530908
1679,154442.1940675292
822,233639.94577145722
6,197122.0778257488
1781,308542.6274640508
2397,235311.49203877454
2340,252691.05953965153
1618,156876.55038284938
2843,114054.44830141982
1061,279697.9389254742
2786,89869.73918271073
1935,129694.55200717752
1341,93197.45462289828
521,208733.47988283448
2136,139728.71305653287
996,200268.57336752067
227,123509.72957859149
135,146581.5499703858
1167,179806.80953709516
294,203910.83088866825
1776,186270.34740300337
540,148191.15011398256
1717,211882.4313187294
2303,104813.86191206283
116,182805.51864864372
127,139339.21018806135
1371,124622.93340267995
1014,178668.41623037183
1507,115335.47701946822
702,178665.97296872636
750,192105.65340249232
261,138794.64269641123
1559,85090.55988199837
577,253625.09052803522
2812,201313.39862194582
2080,174306.16316204763
1368,105474.59603467533
2376,94143.03846113468
659,100755.69426874688
1235,120555.14931593399
332,105925.16338219863
1917,119985.0767886597
2094,212442.36884826474
1460,250604.91793831007
1471,203938.21616356808
1509,107390.10249623668
1922,115521.59672299158
433,406896.2304271071
460,217547.06789735297
1116,212385.82387459325
1137,124733.8294317933
53,174780.60981547076
2354,248258.03422375675
1475,196412.18505423525
1761,501262.16593150684
842,106289.63491539241
2739,212458.33897862717
2509,157208.09224550799
1007,227858.85799663916
2610,187837.99008060124
1952,86041.46199936167
2719,201373.2473799918
2921,105923.22901569738
1966,163692.559912828
292,147031.13350882856
1204,213330.28746102
1829,276838.5078550439
2419,176837.3220470746
391,183796.14292940177
798,126640.510152008
481,181044.1907655578
193,215051.85511789995
555,105489.37317349741
899,121524.25077419134
2357,174432.38516383735
328,119139.82954690122
1356,107326.77735545253
1154,88838.07704870915
1730,179606.28955915218
2249,116372.78062388257
1119,217394.59185472655
2856,168289.54400089377
1394,152156.7230189444
2587,126958.91758020225
61,285688.9556184943
2661,184825.60413913845
2711,120234.59430747933
1147,198035.8754732436
757,119290.4952465978
2623,133431.03306181976
2378,179793.8929755556
1413,125398.41917968116
1722,206002.7357335027
1112,198409.24214245402
1623,205621.95591475727
1201,195931.4840974895
1513,147073.2422692251
957,341929.88453871955
1171,230331.76958173836
1145,200351.7542731085
2726,243630.05791537257
703,137340.81499160954
760,133639.330975777
1964,112811.42317600013
2512,170732.56162111583
159,148383.25191783885
1281,163830.08783645433
468,178892.7738129387
290,108974.67705868126
665,108571.60523837685
1463,238540.371403764
1792,226295.31766347174
923,167093.42536055032
500,271003.7453692109
1408,201523.85571933034
331,97315.98903686384
170,174840.44161709727
2192,97262.68403821369
2571,262798.87388071377
2314,175451.4108235509
2647,106637.54537169874
422,343374.44391686516
2457,323990.0705197902
1838,202875.3680512323
2805,230590.8680768028
1645,175208.32516671985
1711,250113.66652299673
2825,261825.73609264632
322,274381.9868708052
2103,224198.0815587091
342,114111.91457512148
600,113925.02037238574
488,215290.26412321092
1725,273374.84995322075
2246,239922.572135162
2847,181896.76110088767
806,239787.4280508808
530,208965.80557565793
963,192536.4217315818
2678,100342.01227651202
171,103880.50070473211
2401,317318.3910710431
805,226213.86695677228
2259,314504.41187728965
1748,169769.78151024206
1361,132936.1628008231
1677,122821.5580630223
1406,121005.82519104189
2322,227506.20984360465
688,165337.03814014042
143,149851.54246267953
804,213891.92694738362
1214,178538.06186932858
2828,136586.55937725236
1999,220905.64684531075
2467,184920.09604595666
2665,162521.35301512183
1538,401087.447748701
398,89056.66046335074
2822,154551.84058617306
2157,127504.14090052903
1856,212553.48353543042
1269,113787.69650966715
2570,145814.25125822212
2320,209179.99759258097
1517,137478.76276686264
2304,104994.77285848436
1312,110826.53482088988
2012,113374.0557257637
506,223934.34229931544
2865,245405.18774387176
2367,115322.7529182671
554,99675.60993284595
238,127427.99357683508
1954,92811.45496038682
2488,179391.81668862217
2291,105921.93943802989
1969,97225.97087332327
2725,191868.78937700696
1482,127501.23935077716
2763,187070.81696263998
503,239225.54494463734
1584,196209.68196083241
1531,117019.15202868379
2210,179623.01859324065
459,275248.0797140824
556,104623.42176976983
1347,191603.53740700154
1290,83299.67015975338
1388,108734.80025171224
1571,281167.2231424266
2754,195912.48118897088
765,178087.14211439283
2494,136113.54606493618
2870,226440.2792172655
7,201220.0847960995
1114,215380.019022931
2418,238021.82095626194
291,206663.83458724612
18,288602.8050514077
39,286593.57565853884
1001,263611.35311546596
2442,228380.29435786098
616,119865.58724019915
2680,100255.43964240848
1414,109689.22652441745
289,184378.1309996334
40,210700.51853908593
860,113848.93529000314
409,150255.56016177477
673,169595.4660728973
2427,174316.01582099017
2036,174969.91422723368
2564,183331.27990725933
642,232075.64118027966
1008,200749.69293752775
1908,175032.9456185954
2519,179192.49616018622
1369,117464.39984047362
2855,159050.32838911616
712,100593.85227147539
1943,175539.23736566072
1958,140503.40794708277
107,119451.86754380331
2295,230310.40379102586
704,125994.66302983827
676,113772.12701860507
259,194105.98928816008
93,250585.06884161296
106,216255.60988292162
2315,202010.1598173484
1050,93598.45125166391
1095,182004.9880825262
2709,117264.20158557166
758,154909.9915968571
1496,137687.02497037375
2370,122753.85523547846
2458,225388.11027068557
2733,178652.51188731936
161,314099.3520482713
726,108856.15436213608
845,194298.13454388856
947,235410.301727204
2232,171653.28910938007
2563,145057.92082968532
2299,195505.2309834416
211,129518.91016297095
605,220647.01709240366
1478,168530.82040276125
2247,239658.85350215787
2274,216732.26580694685
2869,224547.84798133495
967,234580.1634559005
2656,128767.04730861812
667,244185.87269495596
1042,115302.44207000395
2023,169931.1149198252
2447,302288.9222890461
2055,96067.83556885441
2275,242598.4383143359
2204,154666.8509744666
1563,242182.72247580028
483,198047.2122215236
796,162237.42094893014
1526,154149.45785287803
2042,169965.5925173766
442,246312.67415421375
1693,257046.8208749405
1468,197356.97485624545
1430,244249.24704820916
2605,284331.59760883974
1529,158006.0147369464
335,138671.84558189212
1287,126782.93367730587
31,104480.64163952664
1785,233993.33733187878
82,191379.19971093367
2620,162515.34600650918
252,167249.2395563131
721,102129.92839157436
2165,180531.41946570043
2316,183017.0847170829
775,109037.2373353971
1558,117330.79499225845
17,173685.4609662349
1022,243127.2124375378
925,142958.4523384217
438,233343.9640570025
1270,183418.3364714571
1272,111229.00893900215
215,198789.6315664673
266,213425.3889186706
2402,226676.45756205142
1250,121676.48397832463
1984,145225.2602983536
1279,172981.9695149136
377,290734.5969021714
1252,241845.54793091113
2156,249754.83117911924
499,269280.71710229287
1374,120036.91459245687
2898,263652.64996998996
401,110889.11814545598
2721,245516.64293934312
2078,336231.84897448355
2589,140582.18484030265
1946,335426.43744101864
1334,133238.33849610266
2781,210562.83248331712
431,297987.947139016
576,177992.4732212866
1474,199334.5645926049
2254,96851.29340146689
2155,226804.77437780454
885,174029.28110565175
643,115964.61393130454
1944,114488.5579331631
480,191249.58032841943
2845,131056.55074506876
2387,274549.58800470136
2407,205847.32586472668
2527,170499.65850151895
2514,154146.67726451802
629,182693.09453725375
80,212328.89199942577
1876,165624.59953062545
1546,97448.96558838544
2518,160211.39947650913
2347,142799.01379365637
783,217992.28289143278
1322,117191.87777308183
194,95837.677075861
1770,282156.78263511544
2143,89108.88835888455
1229,185981.24886746984
511,231004.55196933885
46,204370.35824181
1348,210897.22167990485
2465,181900.65431144024
387,213868.6714373756
873,192334.3198318059
1918,108313.12411428112
2764,218578.06126439426
2184,122443.2009410226
934,136903.7145606432
1920,115175.3451192673
2631,132807.20231851112
1768,494332.3204254413
2040,153580.62380654732
1749,196218.23812104814
834,211116.70974163787
1457,259341.18063276395
79,94795.27348712948
2302,103746.41399778807
1817,113146.03666200451
2755,219549.8296935379
359,176371.73989248025
2059,94007.28677186708
2092,234261.7362784862
2516,212080.87815583404
150,137858.9871012919
1656,168218.18032039265
83,130513.78774014217
2411,179267.20063823755
795,87946.82916196619
2312,225192.05530156923
2917,97329.52960237261
1624,177568.4522256804
2215,352693.1377854611
1211,126235.3935894446
1485,127505.10808377968
1024,166096.88371158505
570,205814.6059167664
2874,117777.05895964525
700,233996.39426008525
2756,223992.06324737627
2022,232421.9664862905
583,242486.73671691754
2392,248149.46981918043
2424,210817.72067164548
212,149023.13158095517
736,123288.10248200997
1610,217600.60407394858
890,128456.79356068981
467,177682.78057005594
578,274478.12537898286
1747,175489.67265465073
1149,183535.01093262527
2758,251365.21649806778
857,89044.40947550946
2219,315229.4972490178
733,122161.36518130539
2909,125317.95569238608
1798,231796.78906621394
235,164181.1197370796
2366,139092.72493084092
1027,134677.28763753566
1195,97588.6645923082
1303,69282.68205598944
148,209712.83520768478
608,171236.01608051412
2515,198060.4656150901
821,221378.57690479176
2500,258759.74084513687
745,127047.26901123981
741,172079.3637934576
1611,198371.73354304256
2532,134044.54489057272
1081,216596.64127648302
1692,337112.08674611745
2520,152463.14131926044
276,205093.1830823436
1992,130222.15189405938
663,73702.05792397037
418,104426.82381581547
1733,191885.96835578067
2359,150622.39024776037
253,186448.3481216953
1518,195682.64611644146
2035,142966.1887373384
2919,105804.58787028721
1540,255273.92183931917
2120,112562.71524201104
1674,200825.78854433974
256,114845.18171670279
2361,89803.00353841748
978,97311.47551502759
2280,155859.82534265684
2095,239805.15031366557
1709,250194.97536312928
2801,242829.39544085233
1246,113643.79788181826
2373,115234.73924246008
1055,215739.5203174312
2017,140682.01133355667
1099,254649.56363085768
1344,122682.41719931584
835,254332.1331543264
1117,194945.80128762842
2043,84983.34028244164
2085,160644.0610616004
410,182821.35827133365
2650,117872.8321839252
2867,195110.9224748123
1668,101468.23360859611
1161,171903.42408841223
2122,164035.08473653524
2539,127034.97114290085
1047,164858.00036771424
1445,99678.85003588506
541,148191.15011398256
569,276566.94273399725
1276,105541.95458410378
918,98669.93048348563
326,183550.75349863348
1936,97722.45827531151
895,90463.68425764743
257,124630.68645912784
1241,185734.7687430316
1545,117137.55534015829
1189,171746.8938291984
270,127501.23935077716
2066,297573.11127393716
693,147773.0274576218
1259,155095.52830950107
2916,157628.05827408264
2321,290743.779223088
1977,130139.88901577663
1895,158860.36005427485
1240,142975.09670374577
85,129616.17116330011
1823,147028.64312625557
825,249661.94375434652
110,202151.82081974
697,142334.3016459943
2297,100551.00533371497
1231,126881.21264581426
1355,141892.4797616723
968,271403.16381647595
584,253306.77872833848
1315,160139.49210379613
1606,103193.82996726347
206,103797.3523156544
1685,247048.76364730857
2016,137228.42859990723
869,216987.63366258907
2135,94615.62139674812
2346,189009.13851205973
2430,222666.0707706094
2198,100860.12642005153
2652,101597.9149633901
27,112626.32110215921
241,165377.30725303997
906,138144.5365849577
1506,129826.79604010298
2098,300726.33110358304
1435,192451.0344906358
2213,183940.96774608784
1274,146333.08194970063
743,121609.42554058616
1737,182054.81188464718
2797,249954.7189092053
2185,176905.56657654417
58,174505.2187428705
830,187774.75755193116
808,186886.23145715805
680,202021.6460311303
1153,92999.10427085037
1291,123447.28300439146
1818,252381.8998517667
2161,175438.70526005718
1883,140271.46754172372
350,381505.1876334703
2473,150471.25738878312
295,208387.46449260574
293,261125.8092446681
859,91792.17709053928
288,110151.47971964485
1578,171363.2577453872
102,198140.9616540959
2831,181153.1818262341
1030,217203.9456787454
2551,141773.10787866087
1286,171239.49499540977
958,241615.10342415332
776,109785.20814239027
72,220435.81643160945
2263,213711.8951505702
1866,118838.91775616966
2876,79860.76703180824
2146,259167.98803355667
103,166771.93085230267
1500,136586.55937725236
492,204517.39144791494
167,154619.85306724432
2597,105087.06394181345
2685,134239.66129871155
1035,139072.7184206496
1220,90326.63471176298
2602,162007.65045630495
2159,192928.75293465977
695,179225.46087669564
1109,252797.8422630069
640,162484.78112815716
1652,141226.9350712003
2090,183930.46078250115
1188,210784.5376877754
2345,280010.7965459775
1059,316562.55105435435
2751,241129.26977630926
128,297876.0041937609
1523,223300.78889484942
2925,120803.8333268441
2145,271056.0242277395
1121,186263.27836559512
566,320537.1570906402
565,211338.48777813034
1331,195974.02896011935
2928,104370.90814214628
156,119851.59013925961
797,191245.1570178918
327,105949.02056904742
2859,169576.94265474792
1453,98558.80415310521
1762,297986.12333438615
1868,219061.04823787068
1760,202053.92193458814
1113,214425.70002929552
1812,212099.10636147083
117,174465.82394284278
1142,227273.3001446557
2342,297253.0526645367
927,143700.5073824503
2478,213574.04764815595
655,99610.54930000514
2064,95859.23850121498
369,209878.62485157623
2239,130018.26752140454
2732,211860.50101748924
1653,161143.99276222955
959,198961.76294418104
2395,269176.3374851661
1412,110518.36456604916
271,226607.14660025982
1484,127505.10808377968
1497,169371.86812374362
552,173778.71155992337
2,115542.811316109
1855,343787.41377799714
4,309717.3652178369
2292,116997.88803739051
134,164204.7319857409
646,129779.31809905279
42,230916.18437943095
532,210570.66450837418
713,169527.57734228487
2561,137094.26794349158
2360,123020.80605635577
1333,110081.80040454792
1407,248802.55541475568
2892,264910.16168362246
574,207762.76963001495
1227,196779.4289603299
2591,274908.1495222363
1476,194785.9566962262
1125,231895.94623026694
1446,134275.0962982437
408,154333.86954345903
1101,232927.3915443311
2251,189384.21391937
373,192545.11850091643
2554,134647.12844203712
2382,242399.47328056933
1985,100994.64361495146
519,178484.08883980496
1093,212486.40820749925
864,226307.93958177377
2889,129676.14400573162
2308,239376.44347517256
986,186201.15040159598
1302,135939.38704374578
585,142666.00882744355
2708,116861.56247857818
147,136115.7220890644
1441,203968.5291186754
383,205247.82793104457
285,157621.72110366757
181,128444.36630371015
358,171754.95768611543
780,256641.30385382927
258,200738.3985621273
1865,262421.0232032812
692,109789.5617083264
2902,295868.594142813
508,230542.83588484715
2638,168807.39298723964
36,179826.45481166002
611,192271.20064863563
2281,118545.53027454764
1678,102159.39211417512
1696,346222.4411112358
1557,109252.53064602677
2180,170142.7438223302
1726,199767.91002359818
951,118963.00768795435
267,217874.68979944196
2706,183544.1321376265
2221,250769.69885065168
1357,178204.7675111383
2901,266733.0446894327
347,200355.5886867595
2164,182610.6352201542
1586,258718.1122922197
360,161404.589890038
1769,238354.94636119367
2617,221362.40950539362
1879,172502.05306949996
991,290508.9308541283
1535,129265.33542718634
1191,199838.16916477075
1579,189826.2728571713
1882,124229.25025067083
1510,147601.62589830154
2196,203700.4766336999
1845,197862.73527233236
2336,319066.31723030296
942,93860.34216062044
861,96949.3166650107
2555,131227.67818536545
1392,160680.6698512429
2099,223857.31066007167
1543,96891.38999589329
948,287088.24536656705
1239,216486.90897593027
22,160212.56377219225
2796,223920.20121112542
2747,177163.43522954689
92,249876.57674429083
210,229038.0556629481
1858,187265.72515400886
2228,150403.23731110684
447,203989.87018955723
827,241094.30550119485
1649,209645.58802612475
682,152933.83008603437
2698,105203.76323982974
494,174536.8133957243
214,166999.5049926868
2441,265187.3154389611
2679,109013.41994718171
1336,120838.87964351909
465,174307.54261871148
1524,128895.98190202494
2543,89721.43775094798
631,127166.53170474907
2452,262435.10511475184
228,166056.40294427672
126,173351.88475238375
1092,204670.18504950422
1122,186263.27836559512
932,255844.88680614537
1980,135530.52066396
2171,103184.4178888344
551,168286.39645158354
2768,189492.50692375615
2056,93098.43327093203
1159,316897.8052495218
2645,186206.32893684617
1174,165029.61686445546
2266,223177.30998214206
2462,370496.4602121726
1219,124508.50725408137
2922,214584.65663568553
118,162898.4236648536
474,174773.83953271637
2576,183795.93005712726
872,248759.16058788507
1077,202182.14125573996
1536,140465.11393076365
1150,105816.31263189318
2341,248013.7689362269
1931,153067.3584716477
2785,127995.23701219799
2538,115015.07569447518
597,223319.30904597533
464,182609.99142314744
233,227609.75939660208
2169,120328.42684263212
2123,158481.79796197877
1867,172025.26125278833
137,301886.9438795233
515,214124.40870839066
933,96844.32041102948
2784,174754.700462334
972,183112.06885728965
599,182610.31322476568
2614,109867.77263279443
2582,120366.84693768734
1409,176864.50361615693
175,166557.233824481
352,220790.52908938253
976,97327.27284145448
2134,196326.30457007253
984,85460.42885997033
2396,264187.2922950477
1673,116518.55766072897
404,139159.78296955102
607,173681.86560527273
814,177490.05098333835
868,199415.13206909545
2271,201945.80290743554
1633,222542.3966147434
337,332304.29267950606
2765,202694.88965051813
1746,209367.30730641168
368,301353.9497291423
2806,188732.31664860575
1662,204861.82611432613
1234,215947.71126560261
1373,135988.4156940036
1672,89689.19830926045
1939,97677.32305694895
